-0.962636	-0.230001	-0.0418937	-0.610762	-0.977028	-0.783229	-0.331259	-0.0199867	-0.02168	-0.275086	-0.612162	-0.876118	-0.980578	-0.915924	-0.726685	-0.481318	-0.246931	-0.07371	0.0112033	0.00283762	-0.0865178	-0.233768	-0.411276	-0.591959	-0.752834	-0.877006	-0.954365	-0.98128	-0.959666	-0.895702	-0.798439	-0.678474	-0.546794	-0.413848	-0.288864	-0.179407	-0.0911469	-0.0278004	0.00878448	0.0184481	0.00247329	-0.0366966	-0.0957495	-0.170789	-0.257599	-0.351874	-0.449417	-0.546302	-0.63899	-0.72442	-0.800061	-0.863939	-0.914634	-0.951267	-0.97346	-0.981296	-0.975259	-0.956179	-0.925173	-0.883577	-0.832894	-0.774736	-0.710773	-0.642685	-0.572125	-0.500684	-0.429856	-0.361026	-0.295439	-0.234199	-0.178252	-0.128387	-0.0852316	-0.049259	-0.0207896	-2.16493e-15	0.0130678	0.0184958	0.0164786	0.00731085	-0.00862545	-0.0308735	-0.0589143	-0.0921792	-0.130061	-0.171928	-0.217128	-0.265006	-0.314909	-0.366191	-0.418228	-0.470417	-0.522184	-0.572991	-0.622334	-0.669753	-0.714829	-0.757185	-0.796493	-0.832468	-0.864871	-0.893508	-0.918228	-0.938922	-0.955525	-0.968005	-0.976371	-0.980665	-0.980961	-0.97736	-0.969993	-0.959013	-0.944594	-0.926929	-0.906228	-0.882713	-0.856619	-0.828188	-0.797668	-0.765313	-0.73138	-0.696122	-0.659796	-0.622653	-0.584939	-0.546896	-0.508757	-0.470748	-0.433087	-0.395978	-0.359618	-0.324191	-0.289869	-0.256812	-0.225168	-0.19507	-0.166641	-0.13999	-0.115211	-0.0923876	-0.0715906	-0.0528777	-0.0362946	-0.0218756	-0.00964318	0.000390807	0.00822514	0.0138686	0.0173396	0.0186655	0.0178821	0.0150332	0.0101702	0.00335093	-0.00536008	-0.0158927	-0.0281717	-0.042117	-0.0576444	-0.0746663	-0.0930917	-0.112827	-0.133777	-0.155844	-0.17893	-0.202935	-0.22776	-0.253304	-0.279469	-0.306155	-0.333266	-0.360704	-0.388375	-0.416186	-0.444046	-0.471867	-0.499563	-0.527052	-0.554252	-0.581087	-0.607483	-0.633369	-0.658678	-0.683347	-0.707315	-0.730525	-0.752926	-0.774467	-0.795104	-0.814794	-0.833499	-0.851185	-0.867821	-0.883379	-0.897837	-0.911173	
-0.230001	0.502634	0.690741	0.121873	-0.244393	-0.0505939	0.401375	0.712648	0.710955	0.457549	0.120472	-0.143483	-0.247944	-0.183289	0.00594941	0.251317	0.485704	0.658925	0.743838	0.735472	0.646117	0.498867	0.321359	0.140675	-0.0201988	-0.144372	-0.22173	-0.248645	-0.227031	-0.163067	-0.0658041	0.054161	0.185841	0.318787	0.443771	0.553228	0.641488	0.704834	0.741419	0.751083	0.735108	0.695938	0.636885	0.561845	0.475035	0.380761	0.283217	0.186333	0.0936452	0.00821514	-0.0674263	-0.131304	-0.181999	-0.218632	-0.240825	-0.248661	-0.242624	-0.223545	-0.192538	-0.150942	-0.100259	-0.0421013	0.0218622	0.08995	0.160509	0.231951	0.302778	0.371609	0.437195	0.498436	0.554383	0.604248	0.647403	0.683376	0.711845	0.732635	0.745703	0.751131	0.749113	0.739946	0.724009	0.701761	0.67372	0.640456	0.602573	0.560707	0.515507	0.467628	0.417726	0.366444	0.314407	0.262218	0.210451	0.159644	0.1103	0.0628814	0.0178062	-0.0245503	-0.0638581	-0.0998331	-0.132236	-0.160873	-0.185593	-0.206288	-0.22289	-0.23537	-0.243737	-0.248031	-0.248326	-0.244726	-0.237358	-0.226378	-0.211959	-0.194294	-0.173593	-0.150079	-0.123984	-0.0955529	-0.0650333	-0.0326787	0.00125514	0.0365124	0.0728386	0.109982	0.147696	0.185739	0.223878	0.261886	0.299548	0.336657	0.373017	0.408444	0.442766	0.475822	0.507467	0.537564	0.565993	0.592645	0.617424	0.640247	0.661044	0.679757	0.69634	0.710759	0.722992	0.733026	0.74086	0.746503	0.749974	0.7513	0.750517	0.747668	0.742805	0.735986	0.727275	0.716742	0.704463	0.690518	0.67499	0.657968	0.639543	0.619808	0.598858	0.57679	0.553705	0.5297	0.504875	0.479331	0.453166	0.426479	0.399369	0.371931	0.34426	0.316449	0.288589	0.260768	0.233071	0.205583	0.178383	0.151548	0.125152	0.0992659	0.0739567	0.0492881	0.0253201	0.0021094	-0.0202912	-0.0418326	-0.0624691	-0.0821591	-0.100864	-0.11855	-0.135186	-0.150745	-0.165202	-0.178538	
-0.0418937	0.690741	0.878849	0.30998	-0.0562854	0.137514	0.589483	0.900755	0.899062	0.645656	0.30858	0.0446242	-0.0598363	0.00481855	0.194057	0.439424	0.673811	0.847032	0.931945	0.92358	0.834224	0.686974	0.509466	0.328783	0.167909	0.0437357	-0.0336229	-0.0605376	-0.0389239	0.0250402	0.122303	0.242268	0.373948	0.506895	0.631878	0.741335	0.829595	0.892942	0.929527	0.93919	0.923215	0.884046	0.824993	0.749953	0.663143	0.568868	0.471325	0.37444	0.281753	0.196323	0.120681	0.0568036	0.00610826	-0.0305244	-0.0527178	-0.0605534	-0.0545164	-0.0354372	-0.0044305	0.0371655	0.0878483	0.146006	0.20997	0.278057	0.348617	0.420059	0.490886	0.559716	0.625303	0.686543	0.74249	0.792356	0.835511	0.871483	0.899953	0.920742	0.93381	0.939238	0.937221	0.928053	0.912117	0.889869	0.861828	0.828563	0.790681	0.748814	0.703614	0.655736	0.605834	0.554551	0.502514	0.450325	0.398558	0.347751	0.298408	0.250989	0.205914	0.163557	0.124249	0.0882743	0.0558713	0.0272346	0.0025146	-0.0181803	-0.0347824	-0.0472628	-0.0556292	-0.0599233	-0.0602187	-0.0566181	-0.049251	-0.0382706	-0.0238515	-0.00618678	0.0145142	0.0380288	0.0641231	0.0925545	0.123074	0.155429	0.189363	0.22462	0.260946	0.298089	0.335803	0.373847	0.411985	0.449994	0.487655	0.524764	0.561124	0.596551	0.630873	0.66393	0.695574	0.725672	0.754101	0.780753	0.805531	0.828355	0.849152	0.867864	0.884448	0.898867	0.911099	0.921133	0.928967	0.934611	0.938082	0.939408	0.938624	0.935775	0.930912	0.924093	0.915382	0.904849	0.89257	0.878625	0.863098	0.846076	0.82765	0.807915	0.786965	0.764898	0.741812	0.717807	0.692982	0.667438	0.641273	0.614587	0.587476	0.560038	0.532367	0.504557	0.476696	0.448875	0.421179	0.39369	0.36649	0.339655	0.313259	0.287373	0.262064	0.237395	0.213428	0.190217	0.167816	0.146275	0.125638	0.105948	0.0872431	0.0695571	0.0529212	0.0373627	0.0229052	0.00956907	
-0.610762	0.121873	0.30998	-0.258888	-0.625154	-0.431355	0.0206146	0.331887	0.330194	0.0767879	-0.260289	-0.524244	-0.628704	-0.56405	-0.374811	-0.129444	0.104943	0.278164	0.363077	0.354712	0.265356	0.118106	-0.0594017	-0.240085	-0.40096	-0.525133	-0.602491	-0.629406	-0.607792	-0.543828	-0.446565	-0.3266	-0.19492	-0.0619736	0.0630102	0.172467	0.260727	0.324074	0.360658	0.370322	0.354347	0.315177	0.256124	0.181085	0.0942747	2.58127e-15	-0.0975434	-0.194428	-0.287116	-0.372546	-0.448187	-0.512065	-0.56276	-0.599393	-0.621586	-0.629422	-0.623385	-0.604305	-0.573299	-0.531703	-0.48102	-0.422862	-0.358899	-0.290811	-0.220251	-0.14881	-0.0779825	-0.00915176	0.0564346	0.117675	0.173622	0.223487	0.266642	0.302615	0.331084	0.351874	0.364942	0.37037	0.368353	0.359185	0.343249	0.321001	0.29296	0.259695	0.221812	0.179946	0.134746	0.0868676	0.0369654	-0.0143172	-0.066354	-0.118543	-0.17031	-0.221117	-0.27046	-0.317879	-0.362955	-0.405311	-0.444619	-0.480594	-0.512997	-0.541634	-0.566354	-0.587048	-0.603651	-0.616131	-0.624497	-0.628791	-0.629087	-0.625486	-0.618119	-0.607139	-0.59272	-0.575055	-0.554354	-0.530839	-0.504745	-0.476314	-0.445794	-0.41344	-0.379506	-0.344248	-0.307922	-0.270779	-0.233065	-0.195022	-0.156883	-0.118874	-0.0812127	-0.0441041	-0.00774423	0.0276828	0.0620047	0.0950616	0.126706	0.156804	0.185233	0.211884	0.236663	0.259486	0.280283	0.298996	0.315579	0.329998	0.342231	0.352265	0.360099	0.365743	0.369214	0.370539	0.369756	0.366907	0.362044	0.355225	0.346514	0.335981	0.323702	0.309757	0.29423	0.277208	0.258782	0.239047	0.218097	0.19603	0.172944	0.148939	0.124114	0.0985699	0.0724051	0.0457187	0.0186083	-0.00882977	-0.0365007	-0.0643117	-0.0921719	-0.119993	-0.147689	-0.175178	-0.202378	-0.229213	-0.255609	-0.281495	-0.306804	-0.331473	-0.355441	-0.378651	-0.401052	-0.422593	-0.44323	-0.46292	-0.481625	-0.499311	-0.515947	-0.531506	-0.545963	-0.559299	
-0.977028	-0.244393	-0.0562854	-0.625154	-0.991419	-0.79762	-0.345651	-0.0343784	-0.0360718	-0.289478	-0.626554	-0.89051	-0.99497	-0.930315	-0.741077	-0.49571	-0.261323	-0.0881017	-0.00318849	-0.0115541	-0.10091	-0.24816	-0.425667	-0.606351	-0.767225	-0.891398	-0.968757	-0.995672	-0.974058	-0.910094	-0.812831	-0.692865	-0.561186	-0.428239	-0.303256	-0.193799	-0.105539	-0.0421921	-0.00560727	0.0040564	-0.0119185	-0.0510884	-0.110141	-0.185181	-0.271991	-0.366266	-0.463809	-0.560694	-0.653381	-0.738811	-0.814453	-0.87833	-0.929026	-0.965658	-0.987852	-0.995687	-0.98965	-0.970571	-0.939564	-0.897968	-0.847286	-0.789128	-0.725164	-0.657076	-0.586517	-0.515075	-0.444248	-0.375417	-0.309831	-0.248591	-0.192644	-0.142778	-0.0996233	-0.0636507	-0.0351813	-0.0143917	-0.00132397	0.00410407	0.00208689	-0.00708089	-0.0230172	-0.0452652	-0.073306	-0.106571	-0.144453	-0.186319	-0.23152	-0.279398	-0.3293	-0.380583	-0.43262	-0.484808	-0.536576	-0.587383	-0.636726	-0.684145	-0.72922	-0.771577	-0.810885	-0.84686	-0.879263	-0.907899	-0.932619	-0.953314	-0.969916	-0.982397	-0.990763	-0.995057	-0.995353	-0.991752	-0.984385	-0.973405	-0.958985	-0.941321	-0.92062	-0.897105	-0.871011	-0.842579	-0.81206	-0.779705	-0.745771	-0.710514	-0.674188	-0.637044	-0.599331	-0.561287	-0.523149	-0.48514	-0.447478	-0.41037	-0.37401	-0.338583	-0.304261	-0.271204	-0.23956	-0.209462	-0.181033	-0.154381	-0.129602	-0.106779	-0.0859824	-0.0672694	-0.0506864	-0.0362673	-0.0240349	-0.0140009	-0.00616661	-0.000523114	0.00294788	0.00427375	0.00349034	0.000641492	-0.00422159	-0.0110408	-0.0197518	-0.0302845	-0.0425634	-0.0565087	-0.0720362	-0.089058	-0.107483	-0.127219	-0.148169	-0.170236	-0.193322	-0.217327	-0.242151	-0.267696	-0.293861	-0.320547	-0.347657	-0.375095	-0.402766	-0.430577	-0.458438	-0.486259	-0.513955	-0.541443	-0.568644	-0.595479	-0.621874	-0.647761	-0.67307	-0.697738	-0.721706	-0.744917	-0.767318	-0.788859	-0.809496	-0.829186	-0.847891	-0.865577	-0.882213	-0.897771	-0.912229	-0.925565	
-0.783229	-0.0505939	0.137514	-0.431355	-0.79762	-0.603821	-0.151852	0.159421	0.157727	-0.0956789	-0.432755	-0.696711	-0.801171	-0.736516	-0.547278	-0.301911	-0.067524	0.105697	0.19061	0.182245	0.0928894	-0.0543607	-0.231868	-0.412552	-0.573426	-0.697599	-0.774958	-0.801873	-0.780259	-0.716295	-0.619032	-0.499067	-0.367387	-0.23444	-0.109457	1.44329e-15	0.0882603	0.151607	0.188192	0.197855	0.18188	0.142711	0.0836577	0.00861778	-0.0781921	-0.172467	-0.27001	-0.366895	-0.459582	-0.545012	-0.620654	-0.684531	-0.735227	-0.771859	-0.794053	-0.801888	-0.795851	-0.776772	-0.745765	-0.704169	-0.653487	-0.595329	-0.531365	-0.463278	-0.392718	-0.321276	-0.250449	-0.181619	-0.116032	-0.0547919	0.00115506	0.0510205	0.0941756	0.130148	0.158618	0.179407	0.192475	0.197903	0.195886	0.186718	0.170782	0.148534	0.120493	0.087228	0.0493457	0.00747951	-0.0377209	-0.0855992	-0.135501	-0.186784	-0.238821	-0.29101	-0.342777	-0.393584	-0.442927	-0.490346	-0.535421	-0.577778	-0.617086	-0.653061	-0.685464	-0.7141	-0.73882	-0.759515	-0.776117	-0.788598	-0.796964	-0.801258	-0.801554	-0.797953	-0.790586	-0.779606	-0.765186	-0.747522	-0.726821	-0.703306	-0.677212	-0.64878	-0.618261	-0.585906	-0.551972	-0.516715	-0.480389	-0.443245	-0.405532	-0.367488	-0.32935	-0.291341	-0.25368	-0.216571	-0.180211	-0.144784	-0.110462	-0.0774052	-0.0457608	-0.0156632	0.0127657	0.0394176	0.0641965	0.0870196	0.107817	0.12653	0.143113	0.157532	0.169764	0.179798	0.187632	0.193276	0.196747	0.198073	0.197289	0.19444	0.189577	0.182758	0.174047	0.163514	0.151235	0.13729	0.121763	0.104741	0.0863155	0.06658	0.04563	0.0235629	0.000477124	-0.0235279	-0.0483525	-0.0738969	-0.100062	-0.126748	-0.153859	-0.181297	-0.208967	-0.236778	-0.264639	-0.29246	-0.320156	-0.347644	-0.374845	-0.40168	-0.428075	-0.453962	-0.479271	-0.503939	-0.527907	-0.551118	-0.573519	-0.59506	-0.615697	-0.635387	-0.654092	-0.671778	-0.688414	-0.703972	-0.71843	-0.731766	
-0.331259	0.401375	0.589483	0.0206146	-0.345651	-0.151852	0.300117	0.61139	0.609696	0.35629	0.0192139	-0.244742	-0.349202	-0.284547	-0.0953089	0.150058	0.384445	0.557666	0.64258	0.634214	0.544859	0.397609	0.220101	0.0394171	-0.121457	-0.24563	-0.322989	-0.349903	-0.32829	-0.264326	-0.167062	-0.0470973	0.0845826	0.217529	0.342513	0.451969	0.54023	0.603576	0.640161	0.649825	0.63385	0.59468	0.535627	0.460587	0.373777	0.279502	0.181959	0.0850746	-0.00761318	-0.0930432	-0.168685	-0.232562	-0.283257	-0.31989	-0.342084	-0.349919	-0.343882	-0.324803	-0.293796	-0.2522	-0.201517	-0.14336	-0.0793961	-0.0113083	0.0592511	0.130693	0.20152	0.270351	0.335937	0.397177	0.453124	0.50299	0.546145	0.582117	0.610587	0.631376	0.644444	0.649872	0.647855	0.638687	0.622751	0.600503	0.572462	0.539197	0.501315	0.459449	0.414248	0.36637	0.316468	0.265185	0.213148	0.16096	0.109192	0.0583856	0.00904199	-0.038377	-0.0834522	-0.125809	-0.165116	-0.201091	-0.233494	-0.262131	-0.286851	-0.307546	-0.324148	-0.336629	-0.344995	-0.349289	-0.349584	-0.345984	-0.338617	-0.327636	-0.313217	-0.295553	-0.274852	-0.251337	-0.225243	-0.196811	-0.166292	-0.133937	-0.100003	-0.0647459	-0.0284198	0.00872372	0.0464376	0.0844809	0.12262	0.160628	0.19829	0.235398	0.271758	0.307185	0.341507	0.374564	0.406208	0.436306	0.464735	0.491387	0.516166	0.538989	0.559786	0.578499	0.595082	0.609501	0.621733	0.631767	0.639602	0.645245	0.648716	0.650042	0.649258	0.64641	0.641547	0.634727	0.626016	0.615484	0.603205	0.589259	0.573732	0.55671	0.538285	0.518549	0.497599	0.475532	0.452446	0.428441	0.403617	0.378072	0.351908	0.325221	0.298111	0.270673	0.243002	0.215191	0.187331	0.159509	0.131813	0.104325	0.0771245	0.0502896	0.0238937	-0.0019924	-0.0273016	-0.0519703	-0.0759382	-0.0991489	-0.12155	-0.143091	-0.163727	-0.183417	-0.202123	-0.219809	-0.236445	-0.252003	-0.266461	-0.279797	
-0.0199867	0.712648	0.900755	0.331887	-0.0343784	0.159421	0.61139	0.922662	0.920969	0.667563	0.330487	0.0665312	-0.0379293	0.0267255	0.215964	0.461331	0.695718	0.868939	0.953852	0.945487	0.856131	0.708881	0.531373	0.35069	0.189816	0.0656427	-0.0117159	-0.0386306	-0.0170169	0.0469472	0.14421	0.264175	0.395855	0.528802	0.653785	0.763242	0.851502	0.914849	0.951434	0.961097	0.945122	0.905953	0.8469	0.77186	0.68505	0.590775	0.493232	0.396347	0.30366	0.21823	0.142588	0.0787106	0.0280153	-0.0086174	-0.0308109	-0.0386464	-0.0326094	-0.0135302	0.0174765	0.0590725	0.109755	0.167913	0.231877	0.299964	0.370524	0.441966	0.512793	0.581623	0.64721	0.70845	0.764397	0.814263	0.857418	0.89339	0.92186	0.942649	0.955717	0.961145	0.959128	0.94996	0.934024	0.911776	0.883735	0.85047	0.812588	0.770721	0.725521	0.677643	0.627741	0.576458	0.524421	0.472232	0.420465	0.369658	0.320315	0.272896	0.227821	0.185464	0.146156	0.110181	0.0777783	0.0491415	0.0244216	0.00372674	-0.0128754	-0.0253558	-0.0337222	-0.0380163	-0.0383117	-0.0347111	-0.0273441	-0.0163637	-0.0019445	0.0157202	0.0364212	0.0599358	0.0860301	0.114462	0.144981	0.177336	0.21127	0.246527	0.282853	0.319996	0.35771	0.395754	0.433892	0.471901	0.509562	0.546671	0.583031	0.618458	0.65278	0.685837	0.717481	0.747579	0.776008	0.80266	0.827438	0.850262	0.871059	0.889771	0.906355	0.920774	0.933006	0.94304	0.950874	0.956518	0.959989	0.961315	0.960531	0.957682	0.952819	0.946	0.937289	0.926756	0.914477	0.900532	0.885005	0.867983	0.849557	0.829822	0.808872	0.786805	0.763719	0.739714	0.714889	0.689345	0.66318	0.636494	0.609383	0.581945	0.554274	0.526464	0.498603	0.470782	0.443086	0.415597	0.388397	0.361562	0.335166	0.30928	0.283971	0.259302	0.235335	0.212124	0.189723	0.168182	0.147545	0.127855	0.10915	0.0914641	0.0748282	0.0592697	0.0448122	0.0314761	
-0.02168	0.710955	0.899062	0.330194	-0.0360718	0.157727	0.609696	0.920969	0.919276	0.66587	0.328793	0.0648378	-0.0396227	0.0250322	0.21427	0.459638	0.694025	0.867246	0.952159	0.943793	0.854438	0.707188	0.52968	0.348996	0.188122	0.0639493	-0.0134093	-0.040324	-0.0187103	0.0452538	0.142517	0.262482	0.394162	0.527108	0.652092	0.761549	0.849809	0.913155	0.94974	0.959404	0.943429	0.904259	0.845206	0.770166	0.683357	0.589082	0.491538	0.394654	0.301966	0.216536	0.140895	0.0770172	0.0263219	-0.0103108	-0.0325042	-0.0403398	-0.0343028	-0.0152236	0.0157831	0.0573792	0.108062	0.16622	0.230183	0.298271	0.36883	0.440272	0.511099	0.57993	0.645516	0.706757	0.762704	0.812569	0.855724	0.891697	0.920166	0.940956	0.954024	0.959452	0.957434	0.948267	0.93233	0.910082	0.882041	0.848777	0.810894	0.769028	0.723828	0.675949	0.626047	0.574765	0.522728	0.470539	0.418772	0.367965	0.318621	0.271202	0.226127	0.183771	0.144463	0.108488	0.076085	0.0474482	0.0227282	0.00203337	-0.0145687	-0.0270492	-0.0354155	-0.0397096	-0.040005	-0.0364045	-0.0290374	-0.018057	-0.00363787	0.0140268	0.0347279	0.0582424	0.0843367	0.112768	0.143288	0.175642	0.209576	0.244833	0.28116	0.318303	0.356017	0.39406	0.432199	0.470207	0.507869	0.544978	0.581338	0.616765	0.651087	0.684143	0.715788	0.745885	0.774314	0.800966	0.825745	0.848568	0.869365	0.888078	0.904661	0.91908	0.931313	0.941347	0.949181	0.954824	0.958295	0.959621	0.958838	0.955989	0.951126	0.944307	0.935596	0.925063	0.912784	0.898839	0.883311	0.866289	0.847864	0.828129	0.807179	0.785111	0.762026	0.738021	0.713196	0.687652	0.661487	0.6348	0.60769	0.580252	0.552581	0.52477	0.49691	0.469089	0.441392	0.413904	0.386704	0.359869	0.333473	0.307587	0.282278	0.257609	0.233641	0.21043	0.18803	0.166488	0.145852	0.126162	0.107457	0.0897708	0.0731349	0.0575763	0.0431188	0.0297827	
-0.275086	0.457549	0.645656	0.0767879	-0.289478	-0.0956789	0.35629	0.667563	0.66587	0.412464	0.0753872	-0.188568	-0.293029	-0.228374	-0.0391356	0.206232	0.440619	0.61384	0.698753	0.690387	0.601032	0.453782	0.276274	0.0955904	-0.0652839	-0.189457	-0.266815	-0.29373	-0.272116	-0.208152	-0.110889	0.009076	0.140756	0.273702	0.398686	0.508143	0.596403	0.659749	0.696334	0.705998	0.690023	0.650853	0.5918	0.51676	0.42995	0.335676	0.238132	0.141248	0.0485601	-0.0368699	-0.112511	-0.176389	-0.227084	-0.263717	-0.28591	-0.293746	-0.287709	-0.26863	-0.237623	-0.196027	-0.145344	-0.0871863	-0.0232228	0.044865	0.115424	0.186866	0.257693	0.326524	0.39211	0.453351	0.509298	0.559163	0.602318	0.638291	0.66676	0.68755	0.700617	0.706046	0.704028	0.694861	0.678924	0.656676	0.628635	0.595371	0.557488	0.515622	0.470422	0.422543	0.372641	0.321359	0.269322	0.217133	0.165366	0.114559	0.0652153	0.0177963	-0.0272789	-0.0696353	-0.108943	-0.144918	-0.177321	-0.205958	-0.230678	-0.251373	-0.267975	-0.280455	-0.288822	-0.293116	-0.293411	-0.289811	-0.282443	-0.271463	-0.257044	-0.239379	-0.218678	-0.195164	-0.169069	-0.140638	-0.110118	-0.0777638	-0.0438299	-0.00857262	0.0277535	0.064897	0.102611	0.140654	0.178793	0.216801	0.254463	0.291572	0.327932	0.363359	0.39768	0.430737	0.462382	0.492479	0.520908	0.54756	0.572339	0.595162	0.615959	0.634672	0.651255	0.665674	0.677907	0.687941	0.695775	0.701418	0.704889	0.706215	0.705432	0.702583	0.69772	0.690901	0.68219	0.671657	0.659378	0.645433	0.629905	0.612883	0.594458	0.574722	0.553773	0.531705	0.50862	0.484615	0.45979	0.434246	0.408081	0.381394	0.354284	0.326846	0.299175	0.271364	0.243504	0.215683	0.187986	0.160498	0.133298	0.106463	0.080067	0.0541809	0.0288717	0.00420302	-0.0197649	-0.0429756	-0.0653763	-0.0869176	-0.107554	-0.127244	-0.145949	-0.163635	-0.180271	-0.19583	-0.210287	-0.223623	
-0.612162	0.120472	0.30858	-0.260289	-0.626554	-0.432755	0.0192139	0.330487	0.328793	0.0753872	-0.261689	-0.525645	-0.630105	-0.56545	-0.376212	-0.130845	0.103542	0.276763	0.361677	0.353311	0.263956	0.116705	-0.0608023	-0.241486	-0.40236	-0.526533	-0.603892	-0.630806	-0.609193	-0.545229	-0.447965	-0.328	-0.19632	-0.0633743	0.0616096	0.171066	0.259326	0.322673	0.359258	0.368921	0.352947	0.313777	0.254724	0.179684	0.0928741	-0.00140064	-0.0989441	-0.195828	-0.288516	-0.373946	-0.449588	-0.513465	-0.564161	-0.600793	-0.622987	-0.630822	-0.624785	-0.605706	-0.574699	-0.533103	-0.482421	-0.424263	-0.360299	-0.292211	-0.221652	-0.15021	-0.0793832	-0.0105524	0.055034	0.116274	0.172221	0.222087	0.265242	0.301214	0.329684	0.350473	0.363541	0.368969	0.366952	0.357784	0.341848	0.3196	0.291559	0.258294	0.220412	0.178546	0.133345	0.085467	0.0355648	-0.0157178	-0.0677547	-0.119943	-0.171711	-0.222517	-0.271861	-0.31928	-0.364355	-0.406712	-0.44602	-0.481994	-0.514397	-0.543034	-0.567754	-0.588449	-0.605051	-0.617532	-0.625898	-0.630192	-0.630487	-0.626887	-0.61952	-0.608539	-0.59412	-0.576456	-0.555755	-0.53224	-0.506146	-0.477714	-0.447195	-0.41484	-0.380906	-0.345649	-0.309323	-0.272179	-0.234465	-0.196422	-0.158283	-0.120275	-0.0826134	-0.0455048	-0.00914487	0.0262822	0.0606041	0.0936609	0.125305	0.155403	0.183832	0.210484	0.235263	0.258086	0.278883	0.297596	0.314179	0.328598	0.34083	0.350864	0.358698	0.364342	0.367813	0.369139	0.368355	0.365507	0.360643	0.353824	0.345113	0.334581	0.322302	0.308356	0.292829	0.275807	0.257382	0.237646	0.216696	0.194629	0.171543	0.147538	0.122714	0.0971692	0.0710045	0.044318	0.0172076	-0.0102304	-0.0379013	-0.0657123	-0.0935726	-0.121394	-0.14909	-0.176578	-0.203779	-0.230614	-0.257009	-0.282895	-0.308205	-0.332873	-0.356841	-0.380052	-0.402453	-0.423994	-0.444631	-0.46432	-0.483026	-0.500712	-0.517348	-0.532906	-0.547364	-0.5607	
-0.876118	-0.143483	0.0446242	-0.524244	-0.89051	-0.696711	-0.244742	0.0665312	0.0648378	-0.188568	-0.525645	-0.7896	-0.894061	-0.829406	-0.640168	-0.3948	-0.160413	0.0128078	0.0977211	0.0893554	-1.60982e-15	-0.14725	-0.324758	-0.505442	-0.666316	-0.790489	-0.867847	-0.894762	-0.873148	-0.809184	-0.711921	-0.591956	-0.460276	-0.32733	-0.202346	-0.0928894	-0.00462906	0.0587175	0.0953023	0.104966	0.0889911	0.0498212	-0.00923172	-0.0842716	-0.171081	-0.265356	-0.3629	-0.459784	-0.552472	-0.637902	-0.713543	-0.777421	-0.828116	-0.864749	-0.886942	-0.894778	-0.888741	-0.869662	-0.838655	-0.797059	-0.746376	-0.688218	-0.624255	-0.556167	-0.485607	-0.414166	-0.343339	-0.274508	-0.208922	-0.147681	-0.0917343	-0.0418688	0.00128626	0.0372588	0.0657282	0.0865178	0.0995856	0.105014	0.102996	0.0938287	0.0778924	0.0556443	0.0276035	-0.00566137	-0.0435437	-0.0854099	-0.13061	-0.178489	-0.228391	-0.279673	-0.33171	-0.383899	-0.435666	-0.486473	-0.535817	-0.583236	-0.628311	-0.670667	-0.709975	-0.74595	-0.778353	-0.80699	-0.83171	-0.852405	-0.869007	-0.881487	-0.889853	-0.894148	-0.894443	-0.890842	-0.883475	-0.872495	-0.858076	-0.840411	-0.81971	-0.796196	-0.770101	-0.74167	-0.71115	-0.678796	-0.644862	-0.609605	-0.573278	-0.536135	-0.498421	-0.460378	-0.422239	-0.384231	-0.346569	-0.30946	-0.2731	-0.237673	-0.203351	-0.170295	-0.13865	-0.108553	-0.0801236	-0.0534718	-0.0286929	-0.00586977	0.0149272	0.0336401	0.0502232	0.0646422	0.0768746	0.0869086	0.094743	0.100386	0.103857	0.105183	0.1044	0.101551	0.096688	0.0898687	0.0811577	0.0706251	0.0583461	0.0444009	0.0288734	0.0118515	-0.00657389	-0.0263094	-0.0472594	-0.0693265	-0.0924122	-0.116417	-0.141242	-0.166786	-0.192951	-0.219637	-0.246748	-0.274186	-0.301857	-0.329668	-0.357528	-0.385349	-0.413046	-0.440534	-0.467734	-0.494569	-0.520965	-0.546851	-0.57216	-0.596829	-0.620797	-0.644008	-0.666408	-0.687949	-0.708586	-0.728276	-0.746981	-0.764667	-0.781303	-0.796862	-0.811319	-0.824655	
-0.980578	-0.247944	-0.0598363	-0.628704	-0.99497	-0.801171	-0.349202	-0.0379293	-0.0396227	-0.293029	-0.630105	-0.894061	-0.998521	-0.933866	-0.744628	-0.499261	-0.264874	-0.0916526	-0.00673937	-0.015105	-0.10446	-0.25171	-0.429218	-0.609902	-0.770776	-0.894949	-0.972308	-0.999222	-0.977609	-0.913645	-0.816381	-0.696416	-0.564736	-0.43179	-0.306806	-0.19735	-0.10909	-0.045743	-0.00915815	0.000505517	-0.0154693	-0.0546392	-0.113692	-0.188732	-0.275542	-0.369817	-0.46736	-0.564244	-0.656932	-0.742362	-0.818004	-0.881881	-0.932577	-0.969209	-0.991403	-0.999238	-0.993201	-0.974122	-0.943115	-0.901519	-0.850836	-0.792679	-0.728715	-0.660627	-0.590068	-0.518626	-0.447799	-0.378968	-0.313382	-0.252142	-0.196195	-0.146329	-0.103174	-0.0672016	-0.0387322	-0.0179426	-0.00487485	0.000553194	-0.00146399	-0.0106318	-0.0265681	-0.0488161	-0.0768569	-0.110122	-0.148004	-0.18987	-0.235071	-0.282949	-0.332851	-0.384134	-0.436171	-0.488359	-0.540127	-0.590933	-0.640277	-0.687696	-0.732771	-0.775128	-0.814435	-0.85041	-0.882813	-0.91145	-0.93617	-0.956865	-0.973467	-0.985948	-0.994314	-0.998608	-0.998903	-0.995303	-0.987936	-0.976955	-0.962536	-0.944872	-0.924171	-0.900656	-0.874562	-0.84613	-0.815611	-0.783256	-0.749322	-0.714065	-0.677739	-0.640595	-0.602881	-0.564838	-0.526699	-0.488691	-0.451029	-0.413921	-0.377561	-0.342134	-0.307812	-0.274755	-0.243111	-0.213013	-0.184584	-0.157932	-0.133153	-0.11033	-0.0895332	-0.0708203	-0.0542373	-0.0398182	-0.0275858	-0.0175518	-0.00971749	-0.00407399	-0.000603	0.000722865	-6.05364e-05	-0.00290939	-0.00777247	-0.0145917	-0.0233027	-0.0338354	-0.0461143	-0.0600596	-0.075587	-0.0926089	-0.111034	-0.13077	-0.15172	-0.173787	-0.196873	-0.220878	-0.245702	-0.271247	-0.297411	-0.324098	-0.351208	-0.378646	-0.406317	-0.434128	-0.461989	-0.48981	-0.517506	-0.544994	-0.572194	-0.599029	-0.625425	-0.651311	-0.676621	-0.701289	-0.725257	-0.748468	-0.770869	-0.79241	-0.813046	-0.832736	-0.851442	-0.869128	-0.885764	-0.901322	-0.91578	-0.929116	
-0.915924	-0.183289	0.00481855	-0.56405	-0.930315	-0.736516	-0.284547	0.0267255	0.0250322	-0.228374	-0.56545	-0.829406	-0.933866	-0.869211	-0.679973	-0.434606	-0.200219	-0.0269978	0.0579155	0.0495498	-0.0398056	-0.187056	-0.364563	-0.545247	-0.706121	-0.830294	-0.907653	-0.934568	-0.912954	-0.84899	-0.751727	-0.631762	-0.500082	-0.367135	-0.242152	-0.132695	-0.0444347	0.0189118	0.0554967	0.0651603	0.0491855	0.0100156	-0.0490373	-0.124077	-0.210887	-0.305162	-0.402705	-0.49959	-0.592277	-0.677707	-0.753349	-0.817226	-0.867922	-0.904554	-0.926748	-0.934583	-0.928546	-0.909467	-0.87846	-0.836864	-0.786182	-0.728024	-0.66406	-0.595973	-0.525413	-0.453971	-0.383144	-0.314314	-0.248727	-0.187487	-0.13154	-0.0816744	-0.0385194	-0.00254679	0.0259226	0.0467122	0.05978	0.065208	0.0631908	0.0540231	0.0380867	0.0158387	-0.0122021	-0.045467	-0.0833493	-0.125215	-0.170416	-0.218294	-0.268196	-0.319479	-0.371516	-0.423705	-0.475472	-0.526279	-0.575622	-0.623041	-0.668116	-0.710473	-0.749781	-0.785756	-0.818159	-0.846795	-0.871515	-0.89221	-0.908812	-0.921293	-0.929659	-0.933953	-0.934249	-0.930648	-0.923281	-0.912301	-0.897881	-0.880217	-0.859516	-0.836001	-0.809907	-0.781475	-0.750956	-0.718601	-0.684667	-0.64941	-0.613084	-0.57594	-0.538227	-0.500183	-0.462045	-0.424036	-0.386375	-0.349266	-0.312906	-0.277479	-0.243157	-0.2101	-0.178456	-0.148358	-0.119929	-0.0932774	-0.0684985	-0.0456754	-0.0248784	-0.00616548	0.0104176	0.0248366	0.037069	0.047103	0.0549373	0.0605808	0.0640518	0.0653777	0.0645943	0.0617454	0.0568824	0.0500631	0.0413521	0.0308195	0.0185405	0.00459523	-0.0109322	-0.0279541	-0.0463795	-0.066115	-0.087065	-0.109132	-0.132218	-0.156223	-0.181048	-0.206592	-0.232757	-0.259443	-0.286553	-0.313992	-0.341662	-0.369473	-0.397334	-0.425155	-0.452851	-0.480339	-0.50754	-0.534375	-0.56077	-0.586657	-0.611966	-0.636634	-0.660602	-0.683813	-0.706214	-0.727755	-0.748392	-0.768082	-0.786787	-0.804473	-0.821109	-0.836667	-0.851125	-0.864461	
-0.726685	0.00594941	0.194057	-0.374811	-0.741077	-0.547278	-0.0953089	0.215964	0.21427	-0.0391356	-0.376212	-0.640168	-0.744628	-0.679973	-0.490735	-0.245367	-0.0109807	0.16224	0.247154	0.238788	0.149433	0.00218261	-0.175325	-0.356009	-0.516883	-0.641056	-0.718415	-0.745329	-0.723716	-0.659752	-0.562488	-0.442523	-0.310843	-0.177897	-0.0529133	0.0565433	0.144804	0.20815	0.244735	0.254399	0.238424	0.199254	0.140201	0.0651611	-0.0216488	-0.115923	-0.213467	-0.310351	-0.403039	-0.488469	-0.564111	-0.627988	-0.678683	-0.715316	-0.73751	-0.745345	-0.739308	-0.720229	-0.689222	-0.647626	-0.596943	-0.538786	-0.474822	-0.406734	-0.336175	-0.264733	-0.193906	-0.125075	-0.0594889	0.00175136	0.0576984	0.107564	0.150719	0.186691	0.215161	0.23595	0.249018	0.254446	0.252429	0.243261	0.227325	0.205077	0.177036	0.143771	0.105889	0.0640228	0.0188224	-0.0290559	-0.0789581	-0.130241	-0.182278	-0.234466	-0.286234	-0.33704	-0.386384	-0.433803	-0.478878	-0.521235	-0.560542	-0.596517	-0.62892	-0.657557	-0.682277	-0.702972	-0.719574	-0.732054	-0.740421	-0.744715	-0.74501	-0.74141	-0.734043	-0.723062	-0.708643	-0.690978	-0.670277	-0.646763	-0.620669	-0.592237	-0.561718	-0.529363	-0.495429	-0.460172	-0.423846	-0.386702	-0.348988	-0.310945	-0.272806	-0.234798	-0.197136	-0.160028	-0.123668	-0.0882407	-0.0539188	-0.0208619	0.0107825	0.04088	0.069309	0.0959608	0.12074	0.143563	0.16436	0.183073	0.199656	0.214075	0.226307	0.236341	0.244176	0.249819	0.25329	0.254616	0.253833	0.250984	0.246121	0.239301	0.23059	0.220058	0.207779	0.193834	0.178306	0.161284	0.142859	0.123123	0.102173	0.0801062	0.0570204	0.0330154	0.00819076	-0.0173536	-0.0435184	-0.0702048	-0.0973152	-0.124753	-0.152424	-0.180235	-0.208095	-0.235917	-0.263613	-0.291101	-0.318301	-0.345136	-0.371532	-0.397418	-0.422728	-0.447396	-0.471364	-0.494575	-0.516975	-0.538517	-0.559153	-0.578843	-0.597549	-0.615235	-0.63187	-0.647429	-0.661886	-0.675223	
-0.481318	0.251317	0.439424	-0.129444	-0.49571	-0.301911	0.150058	0.461331	0.459638	0.206232	-0.130845	-0.3948	-0.499261	-0.434606	-0.245367	2.22045e-15	0.234387	0.407608	0.492521	0.484156	0.3948	0.24755	0.0700422	-0.110641	-0.271516	-0.395689	-0.473047	-0.499962	-0.478348	-0.414384	-0.317121	-0.197156	-0.0654759	0.0674703	0.192454	0.301911	0.390171	0.453518	0.490102	0.499766	0.483791	0.444621	0.385568	0.310528	0.223719	0.129444	0.0319005	-0.0649839	-0.157672	-0.243102	-0.318743	-0.382621	-0.433316	-0.469949	-0.492142	-0.499978	-0.493941	-0.474861	-0.443855	-0.402259	-0.351576	-0.293418	-0.229455	-0.161367	-0.0908074	-0.0193656	0.0514614	0.120292	0.185879	0.247119	0.303066	0.352931	0.396086	0.432059	0.460528	0.481318	0.494386	0.499814	0.497797	0.488629	0.472692	0.450444	0.422404	0.389139	0.351256	0.30939	0.26419	0.216312	0.166409	0.115127	0.0630899	0.0109012	-0.0408663	-0.0916729	-0.141017	-0.188435	-0.233511	-0.275867	-0.315175	-0.35115	-0.383553	-0.41219	-0.43691	-0.457605	-0.474207	-0.486687	-0.495053	-0.499348	-0.499643	-0.496042	-0.488675	-0.477695	-0.463276	-0.445611	-0.42491	-0.401395	-0.375301	-0.34687	-0.31635	-0.283996	-0.250062	-0.214804	-0.178478	-0.141335	-0.103621	-0.0655776	-0.0274389	0.0105695	0.0482312	0.0853398	0.1217	0.157127	0.191449	0.224506	0.25615	0.286247	0.314676	0.341328	0.366107	0.38893	0.409727	0.42844	0.445023	0.459442	0.471675	0.481709	0.489543	0.495187	0.498658	0.499983	0.4992	0.496351	0.491488	0.484669	0.475958	0.465425	0.453146	0.439201	0.423673	0.406652	0.388226	0.368491	0.347541	0.325474	0.302388	0.278383	0.253558	0.228014	0.201849	0.175163	0.148052	0.120614	0.0929432	0.0651323	0.037272	0.00945084	-0.0182454	-0.0457338	-0.072934	-0.0997689	-0.126165	-0.152051	-0.17736	-0.202029	-0.225997	-0.249207	-0.271608	-0.293149	-0.313786	-0.333476	-0.352181	-0.369867	-0.386503	-0.402062	-0.416519	-0.429855	
-0.246931	0.485704	0.673811	0.104943	-0.261323	-0.067524	0.384445	0.695718	0.694025	0.440619	0.103542	-0.160413	-0.264874	-0.200219	-0.0109807	0.234387	0.468773	0.641995	0.726908	0.718542	0.629187	0.481937	0.304429	0.123745	-0.037129	-0.161302	-0.23866	-0.265575	-0.243961	-0.179997	-0.0827342	0.0372309	0.168911	0.301857	0.426841	0.536297	0.624558	0.687904	0.724489	0.734153	0.718178	0.679008	0.619955	0.544915	0.458105	0.363831	0.266287	0.169403	0.076715	-0.008715	-0.0843564	-0.148234	-0.198929	-0.235562	-0.257755	-0.265591	-0.259554	-0.240475	-0.209468	-0.167872	-0.117189	-0.0590314	0.00493208	0.0730199	0.143579	0.215021	0.285848	0.354679	0.420265	0.481505	0.537452	0.587318	0.630473	0.666446	0.694915	0.715705	0.728772	0.7342	0.732183	0.723015	0.707079	0.684831	0.65679	0.623525	0.585643	0.543777	0.498577	0.450698	0.400796	0.349513	0.297477	0.245288	0.19352	0.142714	0.0933702	0.0459512	0.000876039	-0.0414804	-0.0807883	-0.116763	-0.149166	-0.177803	-0.202523	-0.223218	-0.23982	-0.2523	-0.260667	-0.264961	-0.265256	-0.261656	-0.254289	-0.243308	-0.228889	-0.211224	-0.190523	-0.167009	-0.140914	-0.112483	-0.0819634	-0.0496089	-0.015675	0.0195823	0.0559084	0.0930519	0.130766	0.168809	0.206948	0.244956	0.282618	0.319726	0.356086	0.391513	0.425835	0.458892	0.490537	0.520634	0.549063	0.575715	0.600494	0.623317	0.644114	0.662827	0.67941	0.693829	0.706061	0.716095	0.72393	0.729573	0.733044	0.73437	0.733587	0.730738	0.725875	0.719056	0.710345	0.699812	0.687533	0.673588	0.65806	0.641038	0.622613	0.602877	0.581927	0.55986	0.536775	0.512769	0.487945	0.462401	0.436236	0.409549	0.382439	0.355001	0.32733	0.299519	0.271659	0.243838	0.216141	0.188653	0.161453	0.134618	0.108222	0.0823358	0.0570266	0.0323579	0.00838997	-0.0148207	-0.0372214	-0.0587627	-0.0793993	-0.0990892	-0.117794	-0.13548	-0.152116	-0.167675	-0.182132	-0.195468	
-0.07371	0.658925	0.847032	0.278164	-0.0881017	0.105697	0.557666	0.868939	0.867246	0.61384	0.276763	0.0128078	-0.0916526	-0.0269978	0.16224	0.407608	0.641995	0.815216	0.900129	0.891763	0.802408	0.655158	0.47765	0.296967	0.136092	0.0119194	-0.0654392	-0.0923539	-0.0707402	-0.00677616	0.090487	0.210452	0.342132	0.475078	0.600062	0.709519	0.797779	0.861125	0.89771	0.907374	0.891399	0.852229	0.793176	0.718136	0.631327	0.537052	0.439508	0.342624	0.249936	0.164506	0.0888648	0.0249872	-0.0257081	-0.0623407	-0.0845342	-0.0923697	-0.0863327	-0.0672535	-0.0362468	0.00534921	0.056032	0.11419	0.178153	0.246241	0.316801	0.388242	0.459069	0.5279	0.593486	0.654727	0.710674	0.760539	0.803694	0.839667	0.868136	0.888926	0.901994	0.907422	0.905404	0.896237	0.8803	0.858052	0.830012	0.796747	0.758864	0.716998	0.671798	0.623919	0.574017	0.522735	0.470698	0.418509	0.366742	0.315935	0.266591	0.219172	0.174097	0.131741	0.092433	0.056458	0.024055	-0.00458178	-0.0293017	-0.0499966	-0.0665987	-0.0790791	-0.0874455	-0.0917396	-0.092035	-0.0884345	-0.0810674	-0.070087	-0.0556678	-0.0380031	-0.0173021	0.00621248	0.0323068	0.0607382	0.0912578	0.123612	0.157546	0.192803	0.22913	0.266273	0.303987	0.34203	0.380169	0.418177	0.455839	0.492948	0.529308	0.564735	0.599057	0.632113	0.663758	0.693855	0.722284	0.748936	0.773715	0.796538	0.817335	0.836048	0.852631	0.86705	0.879283	0.889317	0.897151	0.902794	0.906265	0.907591	0.906808	0.903959	0.899096	0.892277	0.883566	0.873033	0.860754	0.846809	0.831281	0.81426	0.795834	0.776099	0.755149	0.733082	0.709996	0.685991	0.661166	0.635622	0.609457	0.582771	0.55566	0.528222	0.500551	0.47274	0.44488	0.417059	0.389362	0.361874	0.334674	0.307839	0.281443	0.255557	0.230248	0.205579	0.181611	0.1584	0.136	0.114459	0.093822	0.074132	0.0554268	0.0377408	0.0211049	0.00554634	-0.00891113	-0.0222473	
0.0112033	0.743838	0.931945	0.363077	-0.00318849	0.19061	0.64258	0.953852	0.952159	0.698753	0.361677	0.0977211	-0.00673937	0.0579155	0.247154	0.492521	0.726908	0.900129	0.985042	0.976677	0.887321	0.740071	0.562563	0.38188	0.221005	0.0968326	0.019474	-0.00744069	0.014173	0.0781371	0.1754	0.295365	0.427045	0.559991	0.684975	0.794432	0.882692	0.946039	0.982624	0.992287	0.976312	0.937142	0.87809	0.80305	0.71624	0.621965	0.524422	0.427537	0.334849	0.249419	0.173778	0.1099	0.0592052	0.0225725	0.000379057	-0.00745651	-0.00141947	0.0176597	0.0486664	0.0902624	0.140945	0.199103	0.263067	0.331154	0.401714	0.473156	0.543983	0.612813	0.6784	0.73964	0.795587	0.845452	0.888608	0.92458	0.953049	0.973839	0.986907	0.992335	0.990318	0.98115	0.965214	0.942966	0.914925	0.88166	0.843778	0.801911	0.756711	0.708833	0.65893	0.607648	0.555611	0.503422	0.451655	0.400848	0.351505	0.304086	0.25901	0.216654	0.177346	0.141371	0.108968	0.0803315	0.0556115	0.0349167	0.0183145	0.00583411	-0.00253224	-0.00682634	-0.00712175	-0.00352123	0.00384586	0.0148263	0.0292454	0.0469101	0.0676111	0.0911257	0.11722	0.145651	0.176171	0.208526	0.242459	0.277717	0.314043	0.351186	0.3889	0.426944	0.465082	0.503091	0.540752	0.577861	0.614221	0.649648	0.68397	0.717027	0.748671	0.778769	0.807198	0.833849	0.858628	0.881451	0.902248	0.920961	0.937544	0.951963	0.964196	0.97423	0.982064	0.987708	0.991179	0.992505	0.991721	0.988872	0.984009	0.97719	0.968479	0.957946	0.945667	0.931722	0.916195	0.899173	0.880747	0.861012	0.840062	0.817995	0.794909	0.770904	0.746079	0.720535	0.69437	0.667684	0.640573	0.613135	0.585464	0.557653	0.529793	0.501972	0.474276	0.446787	0.419587	0.392752	0.366356	0.34047	0.315161	0.290492	0.266524	0.243314	0.220913	0.199372	0.178735	0.159045	0.14034	0.122654	0.106018	0.0904596	0.0760021	0.062666	
0.00283762	0.735472	0.92358	0.354712	-0.0115541	0.182245	0.634214	0.945487	0.943793	0.690387	0.353311	0.0893554	-0.015105	0.0495498	0.238788	0.484156	0.718542	0.891763	0.976677	0.968311	0.878956	0.731706	0.554198	0.373514	0.21264	0.088467	0.0111084	-0.0158063	0.00580739	0.0697714	0.167035	0.287	0.41868	0.551626	0.67661	0.786066	0.874327	0.937673	0.974258	0.983922	0.967947	0.928777	0.869724	0.794684	0.707874	0.613599	0.516056	0.419172	0.326484	0.241054	0.165412	0.101535	0.0508395	0.0142069	-0.00798657	-0.0158221	-0.0097851	0.0092941	0.0403008	0.0818968	0.13258	0.190737	0.254701	0.322789	0.393348	0.46479	0.535617	0.604448	0.670034	0.731274	0.787221	0.837087	0.880242	0.916214	0.944684	0.965473	0.978541	0.983969	0.981952	0.972784	0.956848	0.9346	0.906559	0.873294	0.835412	0.793546	0.748345	0.700467	0.650565	0.599282	0.547245	0.495057	0.443289	0.392483	0.343139	0.29572	0.250645	0.208288	0.168981	0.133006	0.100603	0.0719658	0.0472459	0.026551	0.00994892	-0.00253152	-0.0108979	-0.015192	-0.0154874	-0.0118869	-0.00451977	0.00646063	0.0208798	0.0385445	0.0592455	0.0827601	0.108854	0.137286	0.167805	0.20016	0.234094	0.269351	0.305677	0.342821	0.380535	0.418578	0.456717	0.494725	0.532387	0.569495	0.605855	0.641282	0.675604	0.708661	0.740305	0.770403	0.798832	0.825484	0.850263	0.873086	0.893883	0.912596	0.929179	0.943598	0.95583	0.965864	0.973699	0.979342	0.982813	0.984139	0.983356	0.980507	0.975644	0.968824	0.960113	0.949581	0.937302	0.923356	0.907829	0.890807	0.872382	0.852646	0.831696	0.809629	0.786543	0.762538	0.737714	0.712169	0.686005	0.659318	0.632208	0.60477	0.577099	0.549288	0.521428	0.493606	0.46591	0.438422	0.411222	0.384387	0.357991	0.332105	0.306795	0.282127	0.258159	0.234948	0.212547	0.191006	0.17037	0.15068	0.131974	0.114288	0.0976525	0.0820939	0.0676365	0.0543003	
-0.0865178	0.646117	0.834224	0.265356	-0.10091	0.0928894	0.544859	0.856131	0.854438	0.601032	0.263956	-1.60982e-15	-0.10446	-0.0398056	0.149433	0.3948	0.629187	0.802408	0.887321	0.878956	0.7896	0.64235	0.464842	0.284159	0.123284	-0.000888483	-0.0782471	-0.105162	-0.0835481	-0.019584	0.0776792	0.197644	0.329324	0.46227	0.587254	0.696711	0.784971	0.848318	0.884902	0.894566	0.878591	0.839421	0.780368	0.705329	0.618519	0.524244	0.426701	0.329816	0.237128	0.151698	0.076057	0.0121794	-0.0385159	-0.0751486	-0.097342	-0.105178	-0.0991405	-0.0800613	-0.0490547	-0.00745863	0.0432241	0.101382	0.165345	0.233433	0.303993	0.375434	0.446262	0.515092	0.580679	0.641919	0.697866	0.747731	0.790886	0.826859	0.855328	0.876118	0.889186	0.894614	0.892597	0.883429	0.867493	0.845245	0.817204	0.783939	0.746057	0.70419	0.65899	0.611112	0.561209	0.509927	0.45789	0.405701	0.353934	0.303127	0.253784	0.206365	0.161289	0.118933	0.0796251	0.0436502	0.0112472	-0.0173896	-0.0421096	-0.0628044	-0.0794065	-0.091887	-0.100253	-0.104547	-0.104843	-0.101242	-0.0938752	-0.0828948	-0.0684757	-0.0508109	-0.0301099	-0.00659536	0.0194989	0.0479304	0.07845	0.110805	0.144738	0.179996	0.216322	0.253465	0.291179	0.329222	0.367361	0.40537	0.443031	0.48014	0.5165	0.551927	0.586249	0.619306	0.65095	0.681048	0.709477	0.736128	0.760907	0.78373	0.804527	0.82324	0.839823	0.854242	0.866475	0.876509	0.884343	0.889987	0.893458	0.894783	0.894	0.891151	0.886288	0.879469	0.870758	0.860225	0.847946	0.834001	0.818474	0.801452	0.783026	0.763291	0.742341	0.720274	0.697188	0.673183	0.648358	0.622814	0.596649	0.569963	0.542852	0.515414	0.487743	0.459932	0.432072	0.404251	0.376555	0.349066	0.321866	0.295031	0.268635	0.242749	0.21744	0.192771	0.168803	0.145593	0.123192	0.101651	0.0810141	0.0613242	0.042619	0.024933	0.00829707	-0.0072615	-0.021719	-0.0350551	
